18
inf 911 860 15 816 570 335 832 505 327 131 800 363 692 734 944 228 959
911 inf 759 631 923 309 21 264 499 849 401 561 405 106 184 245 467 661
860 759 inf 619 486 958 591 185 452 163 472 270 317 944 719 419 994 607
15 631 619 inf 557 605 126 394 69 145 339 476 49 189 109 704 752 78
816 923 486 557 inf 794 353 254 111 659 699 828 55 493 183 241 504 153
570 309 958 605 794 inf 291 786 414 118 543 595 991 31 432 490 219 585
335 21 591 126 353 291 inf 942 585 271 212 489 283 492 679 415 533 591
832 264 185 394 254 786 942 inf 980 765 586 863 320 544 103 723 146 148
505 499 452 69 111 414 585 980 inf 513 77 342 956 630 704 582 217 737
327 849 163 145 659 118 271 765 513 inf 567 329 175 830 241 314 465 229
131 401 472 339 699 543 212 586 77 567 inf 371 98 420 836 832 773 813
800 561 270 476 828 595 489 863 342 329 371 inf 926 512 927 554 500 950
363 405 317 49 55 991 283 320 956 175 98 926 inf 690 540 569 814 119
692 106 944 189 493 31 492 544 630 830 420 512 690 inf 560 589 514 317
734 184 719 109 183 432 679 103 704 241 836 927 540 560 inf 830 994 117
944 245 419 704 241 490 415 723 582 314 832 554 569 589 830 inf 134 989
228 467 994 752 504 219 533 146 217 465 773 500 814 514 994 134 inf 590
959 661 607 78 153 585 591 148 737 229 813 950 119 317 117 989 590 inf
