20
inf 98 56 65 93 89 82 85 69 39 95 78 78 46 95 44 57 33 85 23
98 inf 45 45 34 96 84 62 82 23 88 72 24 53 89 54 66 50 79 69
56 45 inf 45 32 99 16 67 35 87 29 79 76 65 39 71 63 22 88 59
65 45 45 inf 95 54 60 23 95 60 24 48 31 23 10 58 16 45 63 29
93 34 32 95 inf 36 21 39 46 78 31 14 87 43 45 24 51 88 86 81
89 96 99 54 36 inf 95 18 55 28 35 49 95 26 29 59 95 15 53 63
82 84 16 60 21 95 inf 36 50 85 83 83 42 12 84 90 39 26 62 49
85 62 67 23 39 18 36 inf 19 12 42 47 44 89 35 60 69 22 52 82
69 82 35 95 46 55 50 19 inf 95 10 61 19 85 29 71 74 89 20 82
39 23 87 60 78 28 85 12 95 inf 71 44 60 97 10 72 65 81 35 58
95 88 29 24 31 35 83 42 10 71 inf 76 27 66 49 19 21 23 89 74
78 72 79 48 14 49 83 47 61 44 76 inf 85 43 46 78 71 58 83 52
78 24 76 31 87 95 42 44 19 60 27 85 inf 21 17 12 60 56 33 73
46 53 65 23 43 26 12 89 85 97 66 43 21 inf 59 84 40 43 33 46
95 89 39 10 45 29 84 35 29 10 49 46 17 59 inf 61 85 17 19 24
44 54 71 58 24 59 90 60 71 72 19 78 12 84 61 inf 70 85 35 14
57 66 63 16 51 95 39 69 74 65 21 71 60 40 85 70 inf 54 33 81
33 50 22 45 88 15 26 22 89 81 23 58 56 43 17 85 54 inf 27 42
85 79 88 63 86 53 62 52 20 35 89 83 33 33 19 35 33 27 inf 53
23 69 59 29 81 63 49 82 82 58 74 52 73 46 24 14 81 42 53 inf
