18
inf 64 53 inf inf inf 67 82 27 39 inf 96 28 75 86 inf inf 89
64 inf inf 96 74 77 11 81 73 48 inf 53 93 32 inf 24 37 24
53 inf inf 79 inf 63 28 29 89 inf 56 30 85 44 97 inf 50 86
inf 96 79 inf 55 53 38 40 30 23 52 96 17 inf 35 21 37 24
inf 74 inf 55 inf 46 33 20 inf 55 29 97 inf 97 57 85 inf 35
inf 77 63 53 46 inf 94 67 93 inf inf 90 inf inf 65 80 inf 64
67 11 28 38 33 94 inf 85 59 89 14 72 inf 14 24 17 93 inf
82 81 29 40 20 67 85 inf 87 56 41 53 86 48 23 95 20 11
27 73 89 30 inf 93 59 87 inf inf inf 83 71 66 73 81 40 inf
39 48 inf 23 55 inf 89 56 inf inf 81 15 inf 91 58 29 39 inf
inf inf 56 52 29 inf 14 41 inf 81 inf 96 99 80 13 17 66 88
96 53 30 96 97 90 72 53 83 15 96 inf 59 31 inf inf 71 15
28 93 85 17 inf inf inf 86 71 inf 99 59 inf 73 32 29 42 inf
75 32 44 inf 97 inf 14 48 66 91 80 31 73 inf 30 91 18 69
86 inf 97 35 57 65 24 23 73 58 13 inf 32 30 inf 87 84 73
inf 24 inf 21 85 80 17 95 81 29 17 inf 29 91 87 inf 31 40
inf 37 50 37 inf inf 93 20 40 39 66 71 42 18 84 31 inf inf
89 24 86 24 35 64 inf 11 inf inf 88 15 inf 69 73 40 inf inf
