18
inf 386152 721117 299971 573634 927418 757797 229116 148661 142556 93878 701026 825119 199513 105163 487697 491704 844830
386152 inf 499771 131214 54275 454980 193683 915312 793208 337099 120510 324589 313414 749922 963367 767424 585238 331133
721117 499771 inf 651938 753148 489180 552337 329437 802471 826483 993444 332695 632068 590130 134125 379737 767795 722445
299971 131214 651938 inf 560089 884574 484153 932214 580660 70026 147721 79847 910367 47888 104659 394935 914860 328605
573634 54275 753148 560089 inf 305271 344909 162858 626300 242720 161389 772981 501227 962221 360449 364688 623846 908776
927418 454980 489180 884574 305271 inf 823262 901278 255463 668048 930394 379567 472139 440200 966530 148051 427037 884864
757797 193683 552337 484153 344909 823262 inf 240277 119452 726884 827399 35999 29909 732305 241290 281230 408950 740419
229116 915312 329437 932214 162858 901278 240277 inf 619727 445479 911262 939631 954363 993961 850788 864882 143434 977652
148661 793208 802471 580660 626300 255463 119452 619727 inf 188276 81950 757833 280784 850827 870056 853827 942738 825428
142556 337099 826483 70026 242720 668048 726884 445479 188276 inf 53093 654566 271482 905957 318097 920367 921733 66623
93878 120510 993444 147721 161389 930394 827399 911262 81950 53093 inf 83508 147500 261039 553423 937720 356316 891107
701026 324589 332695 79847 772981 379567 35999 939631 757833 654566 83508 inf 448239 483355 508789 773119 87302 202757
825119 313414 632068 910367 501227 472139 29909 954363 280784 271482 147500 448239 inf 620733 755044 918652 252861 465664
199513 749922 590130 47888 962221 440200 732305 993961 850827 905957 261039 483355 620733 inf 180092 43193 150215 748633
105163 963367 134125 104659 360449 966530 241290 850788 870056 318097 553423 508789 755044 180092 inf 371785 686224 932225
487697 767424 379737 394935 364688 148051 281230 864882 853827 920367 937720 773119 918652 43193 371785 inf 972678 686323
491704 585238 767795 914860 623846 427037 408950 143434 942738 921733 356316 87302 252861 150215 686224 972678 inf 685620
844830 331133 722445 328605 908776 884864 740419 977652 825428 66623 891107 202757 465664 748633 932225 686323 685620 inf
