10
inf 367805 902587 674688 189349 152178 666579 509532 381417 53002
367805 inf 884004 224317 13647 635199 254403 855735 509740 275333
902587 884004 inf 61271 266121 474685 408586 779674 403467 649646
674688 224317 61271 inf 48172 836624 415655 632404 773506 145328
189349 13647 266121 48172 inf 40191 484409 302129 447336 329247
152178 635199 474685 836624 40191 inf 451353 523027 172983 975450
666579 254403 408586 415655 484409 451353 inf 777060 348399 886761
509532 855735 779674 632404 302129 523027 777060 inf 177393 315511
381417 509740 403467 773506 447336 172983 348399 177393 inf 504296
53002 275333 649646 145328 329247 975450 886761 315511 504296 inf
