18
inf 24 84 59 82 25 78 80 23 59 20 48 56 41 39 71 53 69
24 inf 84 88 83 39 67 90 14 11 77 30 89 51 80 39 65 50
84 84 inf 16 66 62 98 50 30 55 46 91 78 11 43 92 46 92
59 88 16 inf 13 52 82 74 84 36 22 27 58 33 20 78 56 48
82 83 66 13 inf 11 23 82 41 34 76 21 65 77 26 93 79 76
25 39 62 52 11 inf 60 53 57 77 43 77 55 19 72 18 49 56
78 67 98 82 23 60 inf 12 55 88 19 97 42 22 71 31 47 22
80 90 50 74 82 53 12 inf 74 16 82 94 39 61 97 35 63 42
23 14 30 84 41 57 55 74 inf 97 48 41 90 28 31 56 96 24
59 11 55 36 34 77 88 16 97 inf 37 48 42 36 17 32 56 61
20 77 46 22 76 43 19 82 48 37 inf 16 55 54 45 93 67 55
48 30 91 27 21 77 97 94 41 48 16 inf 78 22 24 69 26 40
56 89 78 58 65 55 42 39 90 42 55 78 inf 71 51 54 65 96
41 51 11 33 77 19 22 61 28 36 54 22 71 inf 16 39 70 54
39 80 43 20 26 72 71 97 31 17 45 24 51 16 inf 59 29 25
71 39 92 78 93 18 31 35 56 32 93 69 54 39 59 inf 88 52
53 65 46 56 79 49 47 63 96 56 67 26 65 70 29 88 inf 75
69 50 92 48 76 56 22 42 24 61 55 40 96 54 25 52 75 inf
