18
inf 53 61 91 11 33 13 63 49 73 31 96 58 33 99 55 78 71
95 inf 13 38 72 98 58 97 48 22 79 32 31 48 43 22 17 86
96 34 inf 33 67 81 17 21 63 59 47 97 15 64 61 12 51 32
72 24 23 inf 93 22 97 57 31 43 72 76 26 86 22 30 71 50
10 87 60 23 inf 79 71 45 51 36 96 99 57 19 11 64 13 72
44 50 35 41 96 inf 77 18 12 34 78 32 64 95 89 78 26 83
84 49 25 28 51 60 inf 25 66 27 74 26 64 39 42 65 71 49
93 21 49 17 25 61 84 inf 27 15 96 52 82 90 72 23 97 41
23 67 24 27 49 46 39 45 inf 94 37 80 30 62 15 73 88 73
95 23 19 31 73 51 55 21 43 inf 15 25 74 59 47 61 73 56
67 75 13 74 82 80 16 38 55 24 inf 16 90 96 44 26 97 78
53 33 23 61 86 56 93 57 14 55 89 inf 10 39 98 28 76 92
77 86 94 17 14 27 76 40 14 34 53 94 inf 76 67 15 85 98
79 83 82 45 43 90 95 80 43 91 29 47 56 inf 68 60 44 39
35 84 73 29 87 20 94 71 96 38 30 18 89 47 inf 41 17 14
71 53 12 15 61 16 18 12 34 93 50 58 75 61 46 inf 42 45
53 11 38 73 77 34 94 53 52 42 54 24 88 30 77 70 inf 70
60 93 65 22 72 66 62 88 55 76 10 73 48 20 40 62 35 inf
